startup_time=1748802761.09613
last_offline_time=1748798972.3198798
offline_duration=697.8865864276886
connection_count=211.0
last_connect_time=1748802768.2439878
